4294967294,0
4294967279,283
4294967279,278
4294967278,320
4294967279,258
4294967279,277
4294967294,899
4294967294,83
4294967294,92
4294967294,88
4294967294,30
4294967294,944
4294967294,943
4294967294,940
4294967294,924
4294967294,831
4294967294,830
4294967294,829
4294967294,60
4294967294,50
4294967294,424
4294967294,971
4294967294,1415
4294967294,11
4294967278,575
4294967279,276
4294967294,5
4294967278,574
4294967278,530
4294967279,384
4294967294,7
4294967278,573
4294967278,538
4294967278,0
4294967278,526
4294967278,132
4294967278,131
4294967278,130
4294967278,129
4294967278,127
4294967278,126
4294967278,125
4294967278,124
4294967278,122
4294967278,121
4294967278,120
4294967278,247
4294967278,119
4294967278,245
4294967278,118
4294967278,117
4294967278,241
4294967278,116
4294967278,239
4294967278,115
4294967278,519
4294967278,114
4294967278,113
4294967278,235
4294967278,112
4294967278,111
4294967278,110
4294967278,109
4294967278,108
4294967278,225
4294967278,107
4294967278,106
4294967278,105
4294967278,104
4294967278,103
4294967278,102
4294967278,101
4294967278,100
4294967278,99
4294967278,98
4294967278,97
4294967278,96
4294967278,95
4294967278,94
4294967278,93
4294967278,92
4294967278,91
4294967278,90
4294967278,89
4294967278,87
4294967278,86
4294967278,85
4294967278,84
4294967278,83
4294967278,82
4294967278,81
4294967278,80
4294967278,79
4294967278,78
4294967278,77
4294967278,76
4294967278,75
4294967278,74
4294967278,73
4294967278,72
4294967278,71
4294967278,70
4294967278,69
4294967278,68
4294967278,67
4294967278,66
4294967278,65
4294967278,64
4294967278,63
4294967278,62
4294967278,61
4294967279,79
4294967279,77
4294967279,75
4294967279,70
4294967279,68
4294967279,66
4294967279,65
4294967279,63
4294967279,60
4294967279,58
4294967279,56
4294967279,54
4294967279,52
4294967279,50
4294967279,48
4294967279,47
4294967279,44
4294967279,41
4294967279,40
4294967279,36
4294967279,34
4294967279,31
4294967279,28
4294967279,25
4294967279,23
4294967279,20
4294967279,13
4294967279,11
4294967279,9
4294967279,8
4294967279,7
4294967279,6
4294967279,5
4294967279,4
4294967278,128
4294967278,256
4294967278,553
4294967279,217
4294967294,17
4294967294,42
4294967294,36
4294967294,39
4294967294,97
4294967294,954
4294967294,26
4294967294,941
4294967294,935
4294967294,896
4294967294,828
4294967294,67
4294967294,93
4294967294,95
4294967279,383
4294967279,346
4294967279,0
4294967278,523
4294967294,1418
4294967294,44
4294967294,12
4294967294,472
4294967294,25
4294967294,27
4294967294,81
4294967294,68
4294967278,551
4294967278,123
4294967278,520
4294967294,6
2,2
4294967278,253
0,5
36,5
36,4
36,3
36,2
36,1
4294967279,382
4294967279,381
4294967279,380
4294967278,572
4294967279,379
4294967278,571
4294967278,570
4294967294,428
34,6
4294967294,1419
4294967279,378
4294967279,377
34,5
34,4
34,3
34,2
34,1
33,4
33,3
33,2
33,1
32,5
32,4
32,3
32,2
32,1
31,5
31,4
31,3
31,2
31,1
4294967294,470
4294967278,569
4294967294,476
4294967294,475
4294967294,474
4294967278,568
4294967294,473
4294967278,567
4294967278,566
4294967293,131
4294967293,130
4294967293,129
4294967293,128
4294967293,127
4294967293,126
4294967293,125
4294967293,124
4294967293,123
4294967293,122
4294967293,121
4294967293,120
4294967293,119
4294967293,118
4294967293,117
4294967293,116
4294967293,115
4294967293,114
4294967293,113
4294967293,112
4294967293,111
4294967293,110
4294967293,109
4294967293,108
4294967293,107
4294967293,106
4294967293,105
4294967293,104
4294967293,103
4294967293,102
4294967293,101
4294967293,100
4294967293,99
4294967293,98
4294967293,97
4294967293,96
4294967293,95
4294967293,94
4294967293,93
4294967293,92
4294967293,91
4294967293,90
4294967293,89
4294967293,88
4294967293,87
4294967293,86
4294967293,85
4294967293,84
4294967293,83
4294967293,82
4294967293,81
4294967293,80
4294967293,79
4294967293,78
4294967293,77
4294967293,76
4294967293,75
4294967293,74
4294967293,73
4294967293,72
4294967293,71
4294967293,70
4294967293,69
4294967293,68
4294967293,67
4294967293,66
4294967293,65
4294967293,64
4294967293,63
4294967293,62
4294967293,61
4294967293,60
4294967293,59
4294967293,58
4294967293,57
4294967293,56
4294967293,55
4294967293,54
4294967293,53
4294967293,52
4294967293,51
4294967293,50
4294967293,49
4294967293,48
4294967293,47
4294967293,46
4294967293,45
4294967293,44
4294967293,43
4294967293,42
4294967293,41
